
Full balance history for time range [0;15], $balance ($pending):
------------------------------------------------------------------------------------------------------------------------------------------------------------------------------
Proc \ time |        0 |       1 |       2 |       3 |       4 |       5 |       6 |       7 |       8 |       9 |      10 |      11 |      12 |      13 |      14 |      15 |
------------------------------------------------------------------------------------------------------------------------------------------------------------------------------
          1 |   10 (0) |  10 (0) |  10 (0) |  10 (0) |  10 (0) |   9 (1) |   9 (1) |   9 (1) |   9 (1) |   9 (1) |   9 (1) |  10 (0) |  10 (0) |  10 (0) |  10 (0) |  10 (0) |
------------------------------------------------------------------------------------------------------------------------------------------------------------------------------
          2 |   10 (0) |  10 (0) |  10 (0) |  10 (0) |  10 (0) |  10 (0) |  10 (0) | 11 (-1) | 11 (-1) |  10 (0) |  10 (0) |  10 (0) |  10 (0) |  10 (0) |  10 (0) |  10 (0) |
------------------------------------------------------------------------------------------------------------------------------------------------------------------------------
      Total |       20 |      20 |      20 |      20 |      20 |      20 |      20 |      20 |      20 |      20 |      20 |      20 |      20 |      20 |      20 |      20 |
------------------------------------------------------------------------------------------------------------------------------------------------------------------------------
